Computing summaries for Scholia benchmark from stats-iswc.
Does not exclude non-standard queries.
Speeds are total time for the category, not the mean.

Raw timings:
                                Blazegraph                         MilleniumDB                        QLever                             Virtuoso            
                     Speed Rank  Slow Log Err  TO Div   Speed Rank  Slow Log Err  TO Div   Speed Rank  Slow Log Err  TO Div   Speed Rank  Slow Log Err  TO Div
 author               8530  3    8058 1.3  15   0   0  130689  4  130217 2.4  10  19   6    3006  2    2534 0.8  10   0   5     472  1       0 0.0  27   0   0 
 award                7751  3    7085 1.1   5   0   0   85744  4   85078 2.1   0   5   0    7215  2    6549 1.0   0   0   0     666  1       0 0.0   1   0   0 
 catalogue             106  2      79 0.6   0   0   0      27  1       0 0.0   0   0   0     316  3     289 1.1   0   0   0     512  4     485 1.3   0   0   0 
 chemical-class     102438  3  101993 2.4   5   5   0  219533  4  219088 2.7   0  10   0     445  1       0 0.0   5   0   0     590  2     145 0.1  10   0   0 
 chemical-element   150137  4  149549 2.4   0   5   0  150029  3  149441 2.4   0   5   0     588  1       0 0.0   0   0   0    2257  2    1669 0.6   0   0   0 
 chemical            60300  2   57867 1.4   0   5   0  148941  4  146508 1.8   0  10   0   65818  3   63385 1.4  15   0   0    2433  1       0 0.0  20   0   0 
 clinical_trial        599  1       0 0.0   0   0   0   50368  4   49769 1.9   0   0   0   45912  3   45313 1.9   5   0   0     875  2     276 0.2   0   0   4 
 complex            164211  3  163961 2.8   5   5   0  158453  2  158203 2.8   0   5   0  300709  4  300459 3.1   0  10   0     250  1       0 0.0   5   0   0 
 country              9364  2    6199 0.5   5   0   0  240085  4  236920 1.9   0  10   0   24245  3   21080 0.9   3   0   0    3165  1       0 0.0   5   0   0 
 dataset               114  2      99 0.9   0   0   0      15  1       0 0.0   0   0   0     990  4     975 1.8   0   0   0     618  3     603 1.6   5   0   0 
 disease              8729  2    8251 1.3   5   0   0  400272  4  399794 2.9   0  10   0   19066  3   18588 1.6   5   0   0     478  1       0 0.0  10   0   0 
 event-series       102877  3  101999 2.1  20   5   0  312928  4  312050 2.6   0  24   0   44055  2   43177 1.7   7   3   0     878  1       0 0.0  25   0   0 
 event               65332  3   64185 1.8  16   5   0  387043  4  385896 2.5   5  44   1    4427  2    3280 0.6   5   0   0    1147  1       0 0.0   5   0   0 
 gene                   51  3      46 1.0   0   0   0       5  1       0 0.0   0   0   0      35  2      30 0.8   0   0   0     256  4     251 1.7   0   0   0 
 ontology              124  2      89 0.5   0   0   0   11472  4   11437 2.5   0   0   0      35  1       0 0.0   0   0   5     188  3     153 0.7   0   0   0 
 organization        69557  3   67613 1.6  13   5   5  249590  4  247646 2.1   0  23   0    1944  1       0 0.0   1   0   4   14073  2   12129 0.9  16   1   0 
 pathway               164  1       0 0.0   0   0   0  177808  4  177644 3.0   0   5   0     699  2     535 0.6   0   0   0    4821  3    4657 1.5   5   0   1 
 podcast-episode        67  1       0 0.0   0   0   0     282  3     215 0.6   0   0   0    2667  4    2600 1.6   0   0   0     217  2     150 0.5   5   0   0 
 podcast-season         68  2      57 0.8   0   0   0      11  1       0 0.0   0   0   0     938  4     927 1.9   0   0   0     309  3     298 1.4   0   0   5 
 podcast                67  2      58 0.9   0   0   0       9  1       0 0.0   0   0   1    2852  4    2843 2.5   0   0   0     210  3     201 1.4   0   0   0 
 project             75112  3   74861 2.5   0   5   0  142475  4  142224 2.8   0   7   0     370  2     119 0.2   0   0   0     251  1       0 0.0  15   0   1 
 property           243533  4  241116 2.0   0   4   0   16145  3   13728 0.8   0   0   0    2417  1       0 0.0   0   0   0    3979  2    1562 0.2   0   0   0 
 protein             61545  3   61417 2.7   5   2   0  360166  4  360038 3.4   0  15   0    9876  2    9748 1.9   9   0   0     128  1       0 0.0  20   0   0 
 publisher             189  1       0 0.0   0   0   0   59089  4   58900 2.5   0   1   0     234  2      45 0.1   0   0   0     336  3     147 0.2   0   0   2 
 series               1957  3    1732 0.9   0   0   0   94857  4   94632 2.6   0   2   1     231  2       6 0.0   0   0   0     225  1       0 0.0   0   0   0 
 software              140  1       0 0.0   0   0   0  153871  4  153731 3.0   0   8   0    1791  3    1651 1.1   0   0   2     828  2     688 0.8   0   0   5 
 sponsor               164  1       0 0.0   0   0   0  240049  4  239885 3.2   0  10   0     461  2     297 0.4   0   0   0    1160  3     996 0.8   0   0   5 
 taxon                4146  3    4012 1.5   5   0   0   80582  4   80448 2.8   5   3   0     134  1       0 0.0   5   0   0     439  2     305 0.5   5   0   0 
 topic              242863  3  239361 1.8  13  33   0  424204  4  420702 2.1   0  59   0    4552  2    1050 0.1   2   0   0    3502  1       0 0.0  10   0  10 
 use                    64  1       0 0.0   0   0   0   35503  4   35439 2.7   0   1   0      74  2      10 0.1   0   0   0     128  3      64 0.3   0   0   0 
 venue               94222  3   93727 2.3   3  13   0  219271  4  218776 2.6   0  39   0     495  1       0 0.0   0   0   1    3495  2    3000 0.8   7   0   0 
 wikiproject        148828  3  148593 2.8  20  15   0  285685  4  285450 3.1  10  30   0     235  1       0 0.0  10   0   0    2317  2    2082 1.0  15   0   1 
 work                 9426  3    9173 1.6  10   0   0   94370  4   94117 2.6  15   6   1    1830  2    1577 0.9  11   0   0     253  1       0 0.0  10   0   4 
 TOTALS            1632775 79 1611180 --- 145 107   5 4929571 112 4907976 ---  45 351  10  548662 74  527067 ---  93  13  17   51456 65   29861 --- 221   1  38

Adjusted timings:
                                Blazegraph                         MilleniumDB                        QLever                             Virtuoso            
                     Speed Rank  Slow Log Err  TO Div   Speed Rank  Slow Log Err  TO Div   Speed Rank  Slow Log Err  TO Div   Speed Rank  Slow Log Err  TO Div
 author               8268  2    2313 0.1  15   0   0   23387  4   17432 0.6  10  19   6    5955  1       0 0.0  10   0   5   15172  3    9217 0.4  27   0   0 
 award                8650  4    6272 0.6   5   0   0    8586  3    6208 0.6   0   5   0    5204  2    2826 0.3   0   0   0    2378  1       0 0.0   1   0   0 
 catalogue             106  2      79 0.6   0   0   0      27  1       0 0.0   0   0   0     316  3     289 1.1   0   0   0     512  4     485 1.3   0   0   0 
 chemical-class      20097  2    9669 0.3   5   5   0   22012  4   11584 0.3   0  10   0   10428  1       0 0.0   5   0   0   20407  3    9979 0.3  10   0   0 
 chemical-element    15130  4   14542 1.4   0   5   0   15008  3   14420 1.4   0   5   0     588  1       0 0.0   0   0   0    2257  2    1669 0.6   0   0   0 
 chemical             6298  1       0 0.0   0   5   0   18027  2   11729 0.5   0  10   0   24417  3   18119 0.6  15   0   0   26396  4   20098 0.6  20   0   0 
 clinical_trial        599  1       0 0.0   0   0   0   37086  4   36487 1.8   0   0   0   30672  3   30073 1.7   5   0   0     875  2     276 0.2   0   0   4 
 complex             30046  3   14958 0.3   5   5   0   23426  2    8338 0.2   0   5   0   30499  4   15411 0.3   0  10   0   15088  1       0 0.0   5   0   0 
 country             12371  1       0 0.0   5   0   0   24047  4   11676 0.3   0  10   0   12886  2     515 0.0   3   0   0   15134  3    2763 0.1   5   0   0 
 dataset               114  2      99 0.9   0   0   0      15  1       0 0.0   0   0   0     990  3     975 1.8   0   0   0   15617  4   15602 3.0   5   0   0 
 disease             20257  2     176 0.0   5   0   0   40005  3   19924 0.3   0  10   0   20081  1       0 0.0   5   0   0   40255  4   20174 0.3  10   0   0 
 event-series        30033  2   14061 0.3  20   5   0   32411  4   16439 0.3   0  24   0   15972  1       0 0.0   7   3   0   30807  3   14835 0.3  25   0   0 
 event               20872  3   15725 0.6  16   5   0   43204  4   38057 0.9   5  44   1    5267  2     120 0.0   5   0   0    5147  1       0 0.0   5   0   0 
 gene                   51  3      46 1.0   0   0   0       5  1       0 0.0   0   0   0      35  2      30 0.8   0   0   0     256  4     251 1.7   0   0   0 
 ontology              124  2      89 0.5   0   0   0    7514  4    7479 2.3   0   0   0      35  1       0 0.0   0   0   5     188  3     153 0.7   0   0   0 
 organization        24024  3   21777 1.0  13   5   5   27667  4   25420 1.1   0  23   0    2247  1       0 0.0   1   0   4   18494  2   16247 0.9  16   1   0 
 pathway               164  1       0 0.0   0   0   0   24015  4   23851 2.2   0   5   0     699  2     535 0.6   0   0   0   16773  3   16609 2.0   5   0   1 
 podcast-episode        67  1       0 0.0   0   0   0     282  2     215 0.6   0   0   0    2667  3    2600 1.6   0   0   0   20217  4   20150 2.5   5   0   0 
 podcast-season         68  2      57 0.8   0   0   0      11  1       0 0.0   0   0   0     938  4     927 1.9   0   0   0     309  3     298 1.4   0   0   5 
 podcast                67  2      58 0.9   0   0   0       9  1       0 0.0   0   0   1    2852  4    2843 2.5   0   0   0     210  3     201 1.4   0   0   0 
 project              7609  2    7239 1.3   0   5   0   15015  3   14645 1.6   0   7   0     370  1       0 0.0   0   0   0   22602  4   22232 1.8  15   0   1 
 property            19950  4   17533 0.9   0   4   0   12894  3   10477 0.7   0   0   0    2417  1       0 0.0   0   0   0    3979  2    1562 0.2   0   0   0 
 protein             16903  1       0 0.0   5   2   0   36119  3   19216 0.3   0  15   0   24161  2    7258 0.2   9   0   0   48001  4   31098 0.5  20   0   0 
 publisher             189  1       0 0.0   0   0   0    8545  4    8356 1.7   0   1   0     234  2      45 0.1   0   0   0     336  3     147 0.2   0   0   2 
 series               1957  3    1732 0.9   0   0   0   12472  4   12247 1.7   0   2   1     231  2       6 0.0   0   0   0     225  1       0 0.0   0   0   0 
 software              140  1       0 0.0   0   0   0   21301  4   21161 2.2   0   8   0    1791  3    1651 1.1   0   0   2     828  2     688 0.8   0   0   5 
 sponsor               164  1       0 0.0   0   0   0   24012  4   23848 2.2   0  10   0     461  2     297 0.4   0   0   0    1160  3     996 0.8   0   0   5 
 taxon               10940  3    2239 0.1   5   0   0   19801  4   11100 0.4   5   3   0    8701  1       0 0.0   5   0   0    9010  2     309 0.0   5   0   0 
 topic               39134  3   35204 1.0  13  33   0   48812  4   44882 1.1   0  59   0    3930  1       0 0.0   2   0   0    9944  2    6014 0.4  10   0  10 
 use                    64  1       0 0.0   0   0   0    4806  4    4742 1.9   0   1   0      74  2      10 0.1   0   0   0     128  3      64 0.3   0   0   0 
 venue               17304  3   16809 1.5   3  13   0   27053  4   26558 1.7   0  39   0     495  1       0 0.0   0   0   1    6999  2    6504 1.2   7   0   0 
 wikiproject         32586  3   23153 0.5  20  15   0   41684  4   32251 0.6  10  30   0    9433  1       0 0.0  10   0   0   15553  2    6120 0.2  15   0   1 
 work                 8677  1       0 0.0  10   0   0   18034  4    9357 0.3  15   6   1   11189  3    2512 0.1  11   0   0    8824  2     147 0.0  10   0   4 
 TOTALS             353023 70  203830 --- 145 107   5  637292 105  488099 ---  45 351  10  236235 66   87042 ---  93  13  17  374081 89  224888 --- 221   1  38
